69690327
69689918
43285310
66838098
69690617
66717621
64633190
66190530
65516591
65516546
64854724
56750331
69689598
64854830
55897013
61613171
65852538
65852514
65852491
66994275
43284962
56570717
65625385
65625354
63166316
69577086
69666216
69561191
69565861
68839994
67729104
68929664
63869743
69953163
64201900
70212372
68956516
69025266
68965785
69526053
69227738
69690693
69524813
68838041
69540424
68869632
69524110
68838096
69536977
69523854
68956592
69004506
69225970
69524868
69227707
69227752
68956561
65928776
65928783
68958381
69127878
69227677
69216817
68965471
69004513
69225901
69568381
69568442
69581885
68845599
69568510
69527456
69568572
69527944
69563539
69568558
69568282
68845827
68849092
68839666
70021592
69689994
69704352
69695827
68840013
69531309
68949907
69127977
69984327
68868512
69386466
69151361
68838652
69985249
69151385
69526800
69549588
68839420
68781835
69151354
69694318
68867539
69698705
69690013
68838188
69574528
68957698
68957766
54921856
68366834
68244491
68963286
68845032
68955076
68970666
68969516
68955120
70020069
68842338
68463441
68955151
68363338
68957858
70459760
68972271
68955168
68957810
69705953
67484362
68955144
68366858
68955113
68957834
69707315
68955083
70273373
68463960
70074420
68958657
69435126
69701764
70074857
69217074
69720000
70317015
69985836
68958695
60750082
69291975
68966874
68962531
69226731
68953829
61528871
70297478
68840587
70432596
70284935
68845230
70633382
70634549
70228663
70782509
70352023
68842222
69526954
68965105
68965082
68845186
68845841
62216821
68965570
55851138
63723083
68961145
70294910
68843335
60226273
60217554
68845056
68957803
70690514
70334401
62216838
59043102
69004537
70263657
69216909
68839970
68968199
69004520
68968250
69527074
70026825
68969677
70026801
69945496
68969660
68969189
69216701
70696912
70003215
67444830
68971953
66953159
68838621
70026764
54915046
69940842
69291968
69234217
70357851
65618073
70438413
67638536
70330984
69226939
68869663
66791454
68840167
69285028
65908815
69380068
68969226
69313530
64634081
69303227
70253634
68960643
69312786
69313394
68929619
69325397
66439714
70219456
69443848
69326967
68842093
68963231
68185572
69313448
69001154
68970383
68963729
69545092
67226320
68969653
69152894
69604720
67726981
68975548
68966225
70194463
68979287
67716005
68587772
68979171
68980283
68963873
67942800
68417031
69341021
69043246
66017882
68974787
67791668
69251009
69100123
68807153
68983987
68969998
68970864
68961022
69325786
68844646
67287390
68968663
67725175
68843441
69325731
69325533
67716227
68844585
68963842
67716203
69298882
69298998
68587734
69325472
68844462
68929657
69427541
69067594
69107054
69325601
69326653
69307935
69428982
69306136
69432590
68910549
69327148
67791491
69237881
68251345
68962395
65629260
69327209
68908737
69326684
68592967
68411350
68979331
68967338
68411367
68418250
68414023
68963293
66204077
68089238
69326714
68983994
69251078
68760441
69236679
68588014
68808327
69951893
67725182
66019855
66202509
67715220
68965686
66939436
66447658
69325496
68845162
64926681
68966584
68957407
66202592
68964870
69379024
68958275
68963033
68958039
64209487
69106439
70125252
68963194
68963200
67437955
67508600
69426957
67437948
68964719
68956783
70125269
69256769
63604757
69939549
67508587
68932350
67225262
69544934
66348986
69325809
68984809
68415617
69325816
68964542
68958251
69893988
67861552
68418380
68957674
68929671
67285815
67942497
69443862
67226412
67729210
69100079
67438457
69100703
66354475
69001925
67716302
67954513
68984502
68369750
68599522
69931659
69930881
68955595
68841164
70273380
68869779
69653186
66057291
68844257
70026795
70110586
69234200
70108552
70114751
70181135
69785207
68726447
68726942
69781025
69217104
68717506
69702891
69990328
68995676
68848408
69607677
68948764
69002540
68948788
69358258
70107913
69990243
69784668
69613456
69042997
69043024
69387340
69043031
68849108
69509032
69509001
69255441
68849047
68849115
69509018
69043048
69522413
69784552
68848866
68848170
68948467
68848316
68815752
68815738
68948597
68948443
69567360
68848286
68948399
68948412
68815813
68815936
69566585
69522895
69523311
70062564
69648175
69882210
69358180
69558962
69505379
69508998
69871528
70286038
68771140
69633287
69217067
69522536
68770884
68772369
69666827
68766337
68770815
69304804
69522246
69042935
68732080
68772437
69531835
68771904
69694448
68732257
68772000
69340734
68773984
68747282
69553837
68731625
68765378
68774875
69357275
69340802
68764418
68796044
68764494
69043000
68743260
68743895
69524097
69533235
69540035
69523601
69523816
69257841
68777173
69884672
68724917
69341441
69523670
68739874
69541353
69581366
69523618
68769826
69523656
68780487
69523687
68782733
68720551
68776985
68767419
69257834
68763251
69689581
69006692
69746956
69635922
69523458
68776954
70167429
69523298
68736668
70121094
68779931
68783419
69705250
69523281
69701566
68729653
69700385
68796105
69650086
69892905
69892653
69892721
70120004
69746666
68780050
68954994
68954338
69688522
68731649
70227772
70285505
70279788
70279771
70632583
69813238
69554544
69357671
68891848
69860416
68891879
68716752
68891862
69357954
69668333
69481277
69357831
69701931
69702334
69861857
69610141
69357732
69620065
69658280
68891824
69357589
69815874
69357824
69882081
69813351
68734046
69357640
69522550
69668487
69548611
68891831
69690167
68716639
69813030
69357541
69532481
69357923
69563836
70048490
69357572
68716653
69813061
69358050
69690457
69002311
69481253
69357855
69701528
68716684
69357701
69871504
69358234
69682551
69613265
69563829
69687501
68716776
69826122
69702716
69357879
69357596
69816086
68716882
69357848
69357633
69002304
69701795
69690303
69992155
70003758
70010299
70048407
68848927
70002218
70002089
70027549
70061628
68948610
69001727
70048476
70001907
68870003
68815998
69729393
69761485
68815714
69522390
69622823
69735424
68848446
68948726
68905309
68948429
70026924
69509025
70001754
68948757
70067095
68948627
69339844
68758240
68717711
69843877
68773304
69700910
69689635
69840869
70123432
69687792
69667855
69544910
69523564
68773427
69699917
69690853
68718077
69689673
68768355
68731304
69341120
69909658
69983955
68721824
69528774
69690426
69689970
69523632
69544415
69341274
69689109
69523465
68721695
69690310
69838286
69529993
69523540
68778194
68762827
68770792
70230611
69706769
70122190
68729745
68777081
68727444
68723262
69538896
69699108
69701733
68729622
68737542
69544590
69695049
69696558
68725723
68736361
69843723
68763138
69687723
69884917
68718152
69701108
70718393
69527555
69697357
69543586
69707018
69523861
69567872
69523625
69694042
68734169
69701689
68718459
70230987
68762506
68734473
69543029
69816031
69525087
69261909
68724160
69700996
69523649
69527920
69690754
69700026
69531866
69523519
69700989
69524257
69257858
69884962
70231465
69688225
69538995
69694929
69524066
68776718
68849344
69839221
69838309
68718145
68727055
70633399
68717773
70334210
69982903
69650062
70330014
70333428
70310283
68717230
68729592
70633528
70328752
69983757
69697401
70228410
70337730
70309713
70228793
69699221
70426953
70315141
70335880
70122459
70227406
70121179
70231243
70331509
70122596
69698231
69701702
70332957
70122725
70335408
70307849
70331424
70331097
69697234
70331653
70312515
68732547
70320053
69688447
69530333
70322446
69527210
70327922
70333817
70332803
69693823
70318593
70324631
69699023
70311778
70335569
69838507
70119831
68723798
70283792
70434361
70633436
70429954
70428285
70633320
70427813
70229271
70427851
70431421
68847395
69509070
68722241
69123276
69123061
69123283
69613296
68729776
69613326
68729981
69613319
69613449
69613289
68729899
68730062
68725358
68849368
68730000
68730031
69613333
69613272
70027235
69810329
69671395
70003918
69806711
69735431
70002157
69690006
70000955
70002225
70027136
70003840
68783938
70002461
70003659
70027044
70003864
70027662
70026603
70047196
69524394
69726361
69735400
69729355
70552645
70067088
70003345
69744228
70026962
70027587
69815317
69834264
70001860
69729300
70037746
70003239
70002072
70003635
69000881
70002959
70002720
70001839
70009965
69808906
69569494
70000757
70004151
70002768
69990250
70000764
70041910
69727993
69548079
70026702
70003055
69767159
70003338
70047042
68775629
70026634
70066982
68721749
68725211
68718947
68718916
69834134
70003130
70061734
70026993
69619083
68722067
69761676
69761768
70026948
70027198
70027181
70026986
69761638
70026955
69690662
70061659
70001204
70027129
70027327
70002126
70027013
70061680
70061635
69989537
69689819
69522802
69522925
69522772
69553820
69522734
69523342
69513176
69512735
69512742
69513169
69513299
69844966
70175141
69824777
69809286
69883620
69815331
70036114
69844799
68722432
69824890
68770174
69834424
69992254
68716691
70003222
70003307
68724856
69992070
70003253
69992124
68768317
69992223
69992209
68725105
70027563
70029963
68725389
69844935
69811975
69042942
68726386
69294136
68769260
69826092
68768904
70002027
69992261
68849337
69293917
68718473
69992087
69770234
68714949
68769055
69598296
68727154
69784163
69992148
69992186
68772130
68955267
